simulation/unzipped/00002/frames/00000.jpg,160,284,568,320,0.206,310,364,253,363,114,373,169,365,
simulation/unzipped/00002/frames/00001.jpg,160,284,568,320,0.289,312,365,255,363,118,368,172,362,
simulation/unzipped/00002/frames/00002.jpg,160,284,568,320,0.372,310,365,254,363,117,369,171,364,
simulation/unzipped/00002/frames/00003.jpg,160,284,568,320,0.455,309,370,255,366,121,370,173,365,
simulation/unzipped/00002/frames/00004.jpg,279.66,64.97,568,320,0.231,312,375,254,372,117,376,172,371,
simulation/unzipped/00002/frames/00005.jpg,279.66,64.97,568,320,0.314,309,371,253,368,120,372,173,367,
simulation/unzipped/00002/frames/00006.jpg,279.66,64.97,568,320,0.397,310,375,254,371,120,375,174,370,
simulation/unzipped/00002/frames/00007.jpg,279.66,64.97,568,320,0.481,309,367,253,365,116,374,171,367,
simulation/unzipped/00002/frames/00008.jpg,280,528,568,320,0.256,308,374,252,371,117,377,170,372,
simulation/unzipped/00002/frames/00009.jpg,280,528,568,320,0.316,308,369,253,367,119,374,173,368,
simulation/unzipped/00002/frames/00010.jpg,280,528,568,320,0.369,311,373,254,369,118,377,171,370,
simulation/unzipped/00002/frames/00011.jpg,280,528,568,320,0.423,313,371,256,367,118,373,173,366,
simulation/unzipped/00002/frames/00012.jpg,255.13,480.46,568,320,0.208,312,365,256,363,119,373,174,366,
simulation/unzipped/00002/frames/00013.jpg,255.13,480.46,568,320,0.292,312,363,256,362,119,373,172,364,
simulation/unzipped/00002/frames/00014.jpg,255.13,480.46,568,320,0.374,309,372,253,369,120,376,174,369,
simulation/unzipped/00002/frames/00015.jpg,255.13,480.46,568,320,0.426,309,372,254,369,120,376,174,370,
simulation/unzipped/00002/frames/00016.jpg,186.09,272.07,568,320,0.241,310,379,253,376,115,384,170,376,
simulation/unzipped/00002/frames/00017.jpg,186.09,272.07,568,320,0.297,312,376,256,373,119,381,173,374,
simulation/unzipped/00002/frames/00018.jpg,186.09,272.07,568,320,0.351,309,378,254,374,119,380,173,373,
simulation/unzipped/00002/frames/00019.jpg,186.09,272.07,568,320,0.434,311,376,255,373,119,380,173,373,
simulation/unzipped/00002/frames/00020.jpg,62.69,263.95,568,320,0.205,310,379,255,375,121,383,175,376,
simulation/unzipped/00002/frames/00021.jpg,62.69,263.95,568,320,0.274,312,375,257,372,122,379,176,372,
simulation/unzipped/00002/frames/00022.jpg,62.69,263.95,568,320,0.361,313,376,257,373,121,380,175,374,
simulation/unzipped/00002/frames/00023.jpg,62.69,263.95,568,320,0.429,310,376,256,373,122,378,175,372,
simulation/unzipped/00002/frames/00024.jpg,186.49,253.61,568,320,0.214,313,382,258,378,126,379,179,376,
simulation/unzipped/00002/frames/00025.jpg,186.49,253.61,568,320,0.267,310,382,257,378,126,381,178,376,
simulation/unzipped/00002/frames/00026.jpg,186.49,253.61,568,320,0.328,314,376,259,373,123,380,177,374,
simulation/unzipped/00002/frames/00027.jpg,186.49,253.61,568,320,0.397,315,380,259,377,125,378,178,375,
simulation/unzipped/00002/frames/00028.jpg,186.49,253.61,568,320,0.452,314,376,258,373,124,380,177,374,
simulation/unzipped/00002/frames/00029.jpg,42.29,372.07,568,320,0.249,317,376,261,372,124,379,178,372,
simulation/unzipped/00002/frames/00030.jpg,42.29,372.07,568,320,0.313,319,379,262,377,125,381,179,377,
simulation/unzipped/00002/frames/00031.jpg,42.29,372.07,568,320,0.368,318,381,262,377,126,374,180,373,
simulation/unzipped/00005/frames/00000.jpg,220,162,568,320,0.282,368,398,301,406,141,419,203,415,
simulation/unzipped/00005/frames/00001.jpg,220,162,568,320,0.366,370,396,302,405,139,417,202,413,
simulation/unzipped/00005/frames/00002.jpg,220,162,568,320,0.449,367,394,299,403,138,418,201,413,
simulation/unzipped/00005/frames/00003.jpg,73.15,79.94,568,320,0.229,388,391,322,398,162,415,223,409,
simulation/unzipped/00005/frames/00004.jpg,73.15,79.94,568,320,0.312,386,392,318,400,159,418,220,411,
simulation/unzipped/00005/frames/00005.jpg,73.15,79.94,568,320,0.394,382,393,315,401,153,417,215,412,
simulation/unzipped/00005/frames/00006.jpg,279.68,214.15,568,320,0.215,373,388,303,397,135,416,199,409,
simulation/unzipped/00005/frames/00007.jpg,279.68,214.15,568,320,0.299,373,389,303,397,136,415,201,408,
simulation/unzipped/00005/frames/00008.jpg,279.68,214.15,568,320,0.355,370,388,301,397,136,416,200,408,
simulation/unzipped/00005/frames/00009.jpg,279.68,214.15,568,320,0.423,369,390,300,399,134,417,199,411,
simulation/unzipped/00005/frames/00010.jpg,274.22,350.32,568,320,0.218,395,409,334,414,182,438,238,427,
simulation/unzipped/00005/frames/00011.jpg,274.22,350.32,568,320,0.302,392,405,330,410,176,432,234,422,
simulation/unzipped/00005/frames/00012.jpg,274.22,350.32,568,320,0.36,388,403,326,408,169,431,227,421,
simulation/unzipped/00005/frames/00013.jpg,274.22,350.32,568,320,0.42,381,402,318,407,163,431,222,419,
simulation/unzipped/00005/frames/00014.jpg,280,40,568,320,0.215,336,397,270,403,112,428,173,417,
simulation/unzipped/00005/frames/00015.jpg,280,40,568,320,0.298,332,396,268,402,112,427,171,416,
simulation/unzipped/00005/frames/00016.jpg,280,40,568,320,0.381,330,394,266,401,110,425,169,415,
simulation/unzipped/00005/frames/00017.jpg,280,40,568,320,0.444,331,394,267,401,111,425,171,415,
simulation/unzipped/00002/frames/00000.jpg,160,284,568,320,0.206,310,364,253,363,114,373,169,365,
simulation/unzipped/00002/frames/00001.jpg,160,284,568,320,0.289,312,365,255,363,118,368,172,362,
simulation/unzipped/00002/frames/00002.jpg,160,284,568,320,0.372,310,365,254,363,117,369,171,364,
simulation/unzipped/00002/frames/00003.jpg,160,284,568,320,0.455,309,370,255,366,121,370,173,365,
simulation/unzipped/00002/frames/00004.jpg,279.66,64.97,568,320,0.231,312,375,254,372,117,376,172,371,
simulation/unzipped/00002/frames/00005.jpg,279.66,64.97,568,320,0.314,309,371,253,368,120,372,173,367,
simulation/unzipped/00002/frames/00006.jpg,279.66,64.97,568,320,0.397,310,375,254,371,120,375,174,370,
simulation/unzipped/00002/frames/00007.jpg,279.66,64.97,568,320,0.481,309,367,253,365,116,374,171,367,
simulation/unzipped/00002/frames/00008.jpg,280,528,568,320,0.256,308,374,252,371,117,377,170,372,
simulation/unzipped/00002/frames/00009.jpg,280,528,568,320,0.316,308,369,253,367,119,374,173,368,
simulation/unzipped/00002/frames/00010.jpg,280,528,568,320,0.369,311,373,254,369,118,377,171,370,
simulation/unzipped/00002/frames/00011.jpg,280,528,568,320,0.423,313,371,256,367,118,373,173,366,
simulation/unzipped/00002/frames/00012.jpg,255.13,480.46,568,320,0.208,312,365,256,363,119,373,174,366,
simulation/unzipped/00002/frames/00013.jpg,255.13,480.46,568,320,0.292,312,363,256,362,119,373,172,364,
simulation/unzipped/00002/frames/00014.jpg,255.13,480.46,568,320,0.374,309,372,253,369,120,376,174,369,
simulation/unzipped/00002/frames/00015.jpg,255.13,480.46,568,320,0.426,309,372,254,369,120,376,174,370,
simulation/unzipped/00002/frames/00016.jpg,186.09,272.07,568,320,0.241,310,379,253,376,115,384,170,376,
simulation/unzipped/00002/frames/00017.jpg,186.09,272.07,568,320,0.297,312,376,256,373,119,381,173,374,
simulation/unzipped/00002/frames/00018.jpg,186.09,272.07,568,320,0.351,309,378,254,374,119,380,173,373,
simulation/unzipped/00002/frames/00019.jpg,186.09,272.07,568,320,0.434,311,376,255,373,119,380,173,373,
simulation/unzipped/00002/frames/00020.jpg,62.69,263.95,568,320,0.205,310,379,255,375,121,383,175,376,
simulation/unzipped/00002/frames/00021.jpg,62.69,263.95,568,320,0.274,312,375,257,372,122,379,176,372,
simulation/unzipped/00002/frames/00022.jpg,62.69,263.95,568,320,0.361,313,376,257,373,121,380,175,374,
simulation/unzipped/00002/frames/00023.jpg,62.69,263.95,568,320,0.429,310,376,256,373,122,378,175,372,
simulation/unzipped/00002/frames/00024.jpg,186.49,253.61,568,320,0.214,313,382,258,378,126,379,179,376,
simulation/unzipped/00002/frames/00025.jpg,186.49,253.61,568,320,0.267,310,382,257,378,126,381,178,376,
simulation/unzipped/00002/frames/00026.jpg,186.49,253.61,568,320,0.328,314,376,259,373,123,380,177,374,
simulation/unzipped/00002/frames/00027.jpg,186.49,253.61,568,320,0.397,315,380,259,377,125,378,178,375,
simulation/unzipped/00002/frames/00028.jpg,186.49,253.61,568,320,0.452,314,376,258,373,124,380,177,374,
simulation/unzipped/00002/frames/00029.jpg,42.29,372.07,568,320,0.249,317,376,261,372,124,379,178,372,
simulation/unzipped/00002/frames/00030.jpg,42.29,372.07,568,320,0.313,319,379,262,377,125,381,179,377,
simulation/unzipped/00002/frames/00031.jpg,42.29,372.07,568,320,0.368,318,381,262,377,126,374,180,373,
simulation/unzipped/00005/frames/00000.jpg,220,162,568,320,0.282,368,398,301,406,141,419,203,415,
simulation/unzipped/00005/frames/00001.jpg,220,162,568,320,0.366,370,396,302,405,139,417,202,413,
simulation/unzipped/00005/frames/00002.jpg,220,162,568,320,0.449,367,394,299,403,138,418,201,413,
simulation/unzipped/00005/frames/00003.jpg,73.15,79.94,568,320,0.229,388,391,322,398,162,415,223,409,
simulation/unzipped/00005/frames/00004.jpg,73.15,79.94,568,320,0.312,386,392,318,400,159,418,220,411,
simulation/unzipped/00005/frames/00005.jpg,73.15,79.94,568,320,0.394,382,393,315,401,153,417,215,412,
simulation/unzipped/00005/frames/00006.jpg,279.68,214.15,568,320,0.215,373,388,303,397,135,416,199,409,
simulation/unzipped/00005/frames/00007.jpg,279.68,214.15,568,320,0.299,373,389,303,397,136,415,201,408,
simulation/unzipped/00005/frames/00008.jpg,279.68,214.15,568,320,0.355,370,388,301,397,136,416,200,408,
simulation/unzipped/00005/frames/00009.jpg,279.68,214.15,568,320,0.423,369,390,300,399,134,417,199,411,
simulation/unzipped/00005/frames/00010.jpg,274.22,350.32,568,320,0.218,395,409,334,414,182,438,238,427,
simulation/unzipped/00005/frames/00011.jpg,274.22,350.32,568,320,0.302,392,405,330,410,176,432,234,422,
simulation/unzipped/00005/frames/00012.jpg,274.22,350.32,568,320,0.36,388,403,326,408,169,431,227,421,
simulation/unzipped/00005/frames/00013.jpg,274.22,350.32,568,320,0.42,381,402,318,407,163,431,222,419,
simulation/unzipped/00005/frames/00014.jpg,280,40,568,320,0.215,336,397,270,403,112,428,173,417,
simulation/unzipped/00005/frames/00015.jpg,280,40,568,320,0.298,332,396,268,402,112,427,171,416,
simulation/unzipped/00005/frames/00016.jpg,280,40,568,320,0.381,330,394,266,401,110,425,169,415,
simulation/unzipped/00005/frames/00017.jpg,280,40,568,320,0.444,331,394,267,401,111,425,171,415,
simulation/unzipped/00002/frames/00000.jpg,160,284,568,320,0.206,310,364,253,363,114,373,169,365,
simulation/unzipped/00002/frames/00001.jpg,160,284,568,320,0.289,312,365,255,363,118,368,172,362,
simulation/unzipped/00002/frames/00002.jpg,160,284,568,320,0.372,310,365,254,363,117,369,171,364,
simulation/unzipped/00002/frames/00003.jpg,160,284,568,320,0.455,309,370,255,366,121,370,173,365,
simulation/unzipped/00002/frames/00004.jpg,279.66,64.97,568,320,0.231,312,375,254,372,117,376,172,371,
simulation/unzipped/00002/frames/00005.jpg,279.66,64.97,568,320,0.314,309,371,253,368,120,372,173,367,
simulation/unzipped/00002/frames/00006.jpg,279.66,64.97,568,320,0.397,310,375,254,371,120,375,174,370,
simulation/unzipped/00002/frames/00007.jpg,279.66,64.97,568,320,0.481,309,367,253,365,116,374,171,367,
simulation/unzipped/00002/frames/00008.jpg,280,528,568,320,0.256,308,374,252,371,117,377,170,372,
simulation/unzipped/00002/frames/00009.jpg,280,528,568,320,0.316,308,369,253,367,119,374,173,368,
simulation/unzipped/00002/frames/00010.jpg,280,528,568,320,0.369,311,373,254,369,118,377,171,370,
simulation/unzipped/00002/frames/00011.jpg,280,528,568,320,0.423,313,371,256,367,118,373,173,366,
simulation/unzipped/00002/frames/00012.jpg,255.13,480.46,568,320,0.208,312,365,256,363,119,373,174,366,
simulation/unzipped/00002/frames/00013.jpg,255.13,480.46,568,320,0.292,312,363,256,362,119,373,172,364,
simulation/unzipped/00002/frames/00014.jpg,255.13,480.46,568,320,0.374,309,372,253,369,120,376,174,369,
simulation/unzipped/00002/frames/00015.jpg,255.13,480.46,568,320,0.426,309,372,254,369,120,376,174,370,
simulation/unzipped/00002/frames/00016.jpg,186.09,272.07,568,320,0.241,310,379,253,376,115,384,170,376,
simulation/unzipped/00002/frames/00017.jpg,186.09,272.07,568,320,0.297,312,376,256,373,119,381,173,374,
simulation/unzipped/00002/frames/00018.jpg,186.09,272.07,568,320,0.351,309,378,254,374,119,380,173,373,
simulation/unzipped/00002/frames/00019.jpg,186.09,272.07,568,320,0.434,311,376,255,373,119,380,173,373,
simulation/unzipped/00002/frames/00020.jpg,62.69,263.95,568,320,0.205,310,379,255,375,121,383,175,376,
simulation/unzipped/00002/frames/00021.jpg,62.69,263.95,568,320,0.274,312,375,257,372,122,379,176,372,
simulation/unzipped/00002/frames/00022.jpg,62.69,263.95,568,320,0.361,313,376,257,373,121,380,175,374,
simulation/unzipped/00002/frames/00023.jpg,62.69,263.95,568,320,0.429,310,376,256,373,122,378,175,372,
simulation/unzipped/00002/frames/00024.jpg,186.49,253.61,568,320,0.214,313,382,258,378,126,379,179,376,
simulation/unzipped/00002/frames/00025.jpg,186.49,253.61,568,320,0.267,310,382,257,378,126,381,178,376,
simulation/unzipped/00002/frames/00026.jpg,186.49,253.61,568,320,0.328,314,376,259,373,123,380,177,374,
simulation/unzipped/00002/frames/00027.jpg,186.49,253.61,568,320,0.397,315,380,259,377,125,378,178,375,
simulation/unzipped/00002/frames/00028.jpg,186.49,253.61,568,320,0.452,314,376,258,373,124,380,177,374,
simulation/unzipped/00002/frames/00029.jpg,42.29,372.07,568,320,0.249,317,376,261,372,124,379,178,372,
simulation/unzipped/00002/frames/00030.jpg,42.29,372.07,568,320,0.313,319,379,262,377,125,381,179,377,
simulation/unzipped/00002/frames/00031.jpg,42.29,372.07,568,320,0.368,318,381,262,377,126,374,180,373,
simulation/unzipped/00005/frames/00000.jpg,220,162,568,320,0.282,368,398,301,406,141,419,203,415,
simulation/unzipped/00005/frames/00001.jpg,220,162,568,320,0.366,370,396,302,405,139,417,202,413,
simulation/unzipped/00005/frames/00002.jpg,220,162,568,320,0.449,367,394,299,403,138,418,201,413,
simulation/unzipped/00005/frames/00003.jpg,73.15,79.94,568,320,0.229,388,391,322,398,162,415,223,409,
simulation/unzipped/00005/frames/00004.jpg,73.15,79.94,568,320,0.312,386,392,318,400,159,418,220,411,
simulation/unzipped/00005/frames/00005.jpg,73.15,79.94,568,320,0.394,382,393,315,401,153,417,215,412,
simulation/unzipped/00005/frames/00006.jpg,279.68,214.15,568,320,0.215,373,388,303,397,135,416,199,409,
simulation/unzipped/00005/frames/00007.jpg,279.68,214.15,568,320,0.299,373,389,303,397,136,415,201,408,
simulation/unzipped/00005/frames/00008.jpg,279.68,214.15,568,320,0.355,370,388,301,397,136,416,200,408,
simulation/unzipped/00005/frames/00009.jpg,279.68,214.15,568,320,0.423,369,390,300,399,134,417,199,411,
simulation/unzipped/00005/frames/00010.jpg,274.22,350.32,568,320,0.218,395,409,334,414,182,438,238,427,
simulation/unzipped/00005/frames/00011.jpg,274.22,350.32,568,320,0.302,392,405,330,410,176,432,234,422,
simulation/unzipped/00005/frames/00012.jpg,274.22,350.32,568,320,0.36,388,403,326,408,169,431,227,421,
simulation/unzipped/00005/frames/00013.jpg,274.22,350.32,568,320,0.42,381,402,318,407,163,431,222,419,
simulation/unzipped/00005/frames/00014.jpg,280,40,568,320,0.215,336,397,270,403,112,428,173,417,
simulation/unzipped/00005/frames/00015.jpg,280,40,568,320,0.298,332,396,268,402,112,427,171,416,
simulation/unzipped/00005/frames/00016.jpg,280,40,568,320,0.381,330,394,266,401,110,425,169,415,
simulation/unzipped/00005/frames/00017.jpg,280,40,568,320,0.444,331,394,267,401,111,425,171,415,
simulation/unzipped/00002/frames/00000.jpg,160,284,568,320,0.206,310,364,253,363,114,373,169,365,
simulation/unzipped/00002/frames/00001.jpg,160,284,568,320,0.289,312,365,255,363,118,368,172,362,
simulation/unzipped/00002/frames/00002.jpg,160,284,568,320,0.372,310,365,254,363,117,369,171,364,
simulation/unzipped/00002/frames/00003.jpg,160,284,568,320,0.455,309,370,255,366,121,370,173,365,
simulation/unzipped/00002/frames/00004.jpg,279.66,64.97,568,320,0.231,312,375,254,372,117,376,172,371,
simulation/unzipped/00002/frames/00005.jpg,279.66,64.97,568,320,0.314,309,371,253,368,120,372,173,367,
simulation/unzipped/00002/frames/00006.jpg,279.66,64.97,568,320,0.397,310,375,254,371,120,375,174,370,
simulation/unzipped/00002/frames/00007.jpg,279.66,64.97,568,320,0.481,309,367,253,365,116,374,171,367,
simulation/unzipped/00002/frames/00008.jpg,280,528,568,320,0.256,308,374,252,371,117,377,170,372,
simulation/unzipped/00002/frames/00009.jpg,280,528,568,320,0.316,308,369,253,367,119,374,173,368,
simulation/unzipped/00002/frames/00010.jpg,280,528,568,320,0.369,311,373,254,369,118,377,171,370,
simulation/unzipped/00002/frames/00011.jpg,280,528,568,320,0.423,313,371,256,367,118,373,173,366,
simulation/unzipped/00002/frames/00012.jpg,255.13,480.46,568,320,0.208,312,365,256,363,119,373,174,366,
simulation/unzipped/00002/frames/00013.jpg,255.13,480.46,568,320,0.292,312,363,256,362,119,373,172,364,
simulation/unzipped/00002/frames/00014.jpg,255.13,480.46,568,320,0.374,309,372,253,369,120,376,174,369,
simulation/unzipped/00002/frames/00015.jpg,255.13,480.46,568,320,0.426,309,372,254,369,120,376,174,370,
simulation/unzipped/00002/frames/00016.jpg,186.09,272.07,568,320,0.241,310,379,253,376,115,384,170,376,
simulation/unzipped/00002/frames/00017.jpg,186.09,272.07,568,320,0.297,312,376,256,373,119,381,173,374,
simulation/unzipped/00002/frames/00018.jpg,186.09,272.07,568,320,0.351,309,378,254,374,119,380,173,373,
simulation/unzipped/00002/frames/00019.jpg,186.09,272.07,568,320,0.434,311,376,255,373,119,380,173,373,
simulation/unzipped/00002/frames/00020.jpg,62.69,263.95,568,320,0.205,310,379,255,375,121,383,175,376,
simulation/unzipped/00002/frames/00021.jpg,62.69,263.95,568,320,0.274,312,375,257,372,122,379,176,372,
simulation/unzipped/00002/frames/00022.jpg,62.69,263.95,568,320,0.361,313,376,257,373,121,380,175,374,
simulation/unzipped/00002/frames/00023.jpg,62.69,263.95,568,320,0.429,310,376,256,373,122,378,175,372,
simulation/unzipped/00002/frames/00024.jpg,186.49,253.61,568,320,0.214,313,382,258,378,126,379,179,376,
simulation/unzipped/00002/frames/00025.jpg,186.49,253.61,568,320,0.267,310,382,257,378,126,381,178,376,
simulation/unzipped/00002/frames/00026.jpg,186.49,253.61,568,320,0.328,314,376,259,373,123,380,177,374,
simulation/unzipped/00002/frames/00027.jpg,186.49,253.61,568,320,0.397,315,380,259,377,125,378,178,375,
simulation/unzipped/00002/frames/00028.jpg,186.49,253.61,568,320,0.452,314,376,258,373,124,380,177,374,
simulation/unzipped/00002/frames/00029.jpg,42.29,372.07,568,320,0.249,317,376,261,372,124,379,178,372,
simulation/unzipped/00002/frames/00030.jpg,42.29,372.07,568,320,0.313,319,379,262,377,125,381,179,377,
simulation/unzipped/00002/frames/00031.jpg,42.29,372.07,568,320,0.368,318,381,262,377,126,374,180,373,
simulation/unzipped/00005/frames/00000.jpg,220,162,568,320,0.282,368,398,301,406,141,419,203,415,
simulation/unzipped/00005/frames/00001.jpg,220,162,568,320,0.366,370,396,302,405,139,417,202,413,
simulation/unzipped/00005/frames/00002.jpg,220,162,568,320,0.449,367,394,299,403,138,418,201,413,
simulation/unzipped/00005/frames/00003.jpg,73.15,79.94,568,320,0.229,388,391,322,398,162,415,223,409,
simulation/unzipped/00005/frames/00004.jpg,73.15,79.94,568,320,0.312,386,392,318,400,159,418,220,411,
simulation/unzipped/00005/frames/00005.jpg,73.15,79.94,568,320,0.394,382,393,315,401,153,417,215,412,
simulation/unzipped/00005/frames/00006.jpg,279.68,214.15,568,320,0.215,373,388,303,397,135,416,199,409,
simulation/unzipped/00005/frames/00007.jpg,279.68,214.15,568,320,0.299,373,389,303,397,136,415,201,408,
simulation/unzipped/00005/frames/00008.jpg,279.68,214.15,568,320,0.355,370,388,301,397,136,416,200,408,
simulation/unzipped/00005/frames/00009.jpg,279.68,214.15,568,320,0.423,369,390,300,399,134,417,199,411,
simulation/unzipped/00005/frames/00010.jpg,274.22,350.32,568,320,0.218,395,409,334,414,182,438,238,427,
simulation/unzipped/00005/frames/00011.jpg,274.22,350.32,568,320,0.302,392,405,330,410,176,432,234,422,
simulation/unzipped/00005/frames/00012.jpg,274.22,350.32,568,320,0.36,388,403,326,408,169,431,227,421,
simulation/unzipped/00005/frames/00013.jpg,274.22,350.32,568,320,0.42,381,402,318,407,163,431,222,419,
simulation/unzipped/00005/frames/00014.jpg,280,40,568,320,0.215,336,397,270,403,112,428,173,417,
simulation/unzipped/00005/frames/00015.jpg,280,40,568,320,0.298,332,396,268,402,112,427,171,416,
simulation/unzipped/00005/frames/00016.jpg,280,40,568,320,0.381,330,394,266,401,110,425,169,415,
simulation/unzipped/00005/frames/00017.jpg,280,40,568,320,0.444,331,394,267,401,111,425,171,415,
simulation/unzipped/00002/frames/00000.jpg,160,284,568,320,0.206,310,364,253,363,114,373,169,365,
simulation/unzipped/00002/frames/00001.jpg,160,284,568,320,0.289,312,365,255,363,118,368,172,362,
simulation/unzipped/00002/frames/00002.jpg,160,284,568,320,0.372,310,365,254,363,117,369,171,364,
simulation/unzipped/00002/frames/00003.jpg,160,284,568,320,0.455,309,370,255,366,121,370,173,365,
simulation/unzipped/00002/frames/00004.jpg,279.66,64.97,568,320,0.231,312,375,254,372,117,376,172,371,
simulation/unzipped/00002/frames/00005.jpg,279.66,64.97,568,320,0.314,309,371,253,368,120,372,173,367,
simulation/unzipped/00002/frames/00006.jpg,279.66,64.97,568,320,0.397,310,375,254,371,120,375,174,370,
simulation/unzipped/00002/frames/00007.jpg,279.66,64.97,568,320,0.481,309,367,253,365,116,374,171,367,
simulation/unzipped/00002/frames/00008.jpg,280,528,568,320,0.256,308,374,252,371,117,377,170,372,
simulation/unzipped/00002/frames/00009.jpg,280,528,568,320,0.316,308,369,253,367,119,374,173,368,
simulation/unzipped/00002/frames/00010.jpg,280,528,568,320,0.369,311,373,254,369,118,377,171,370,
simulation/unzipped/00002/frames/00011.jpg,280,528,568,320,0.423,313,371,256,367,118,373,173,366,
simulation/unzipped/00002/frames/00012.jpg,255.13,480.46,568,320,0.208,312,365,256,363,119,373,174,366,
simulation/unzipped/00002/frames/00013.jpg,255.13,480.46,568,320,0.292,312,363,256,362,119,373,172,364,
simulation/unzipped/00002/frames/00014.jpg,255.13,480.46,568,320,0.374,309,372,253,369,120,376,174,369,
simulation/unzipped/00002/frames/00015.jpg,255.13,480.46,568,320,0.426,309,372,254,369,120,376,174,370,
simulation/unzipped/00002/frames/00016.jpg,186.09,272.07,568,320,0.241,310,379,253,376,115,384,170,376,
simulation/unzipped/00002/frames/00017.jpg,186.09,272.07,568,320,0.297,312,376,256,373,119,381,173,374,
simulation/unzipped/00002/frames/00018.jpg,186.09,272.07,568,320,0.351,309,378,254,374,119,380,173,373,
simulation/unzipped/00002/frames/00019.jpg,186.09,272.07,568,320,0.434,311,376,255,373,119,380,173,373,
simulation/unzipped/00002/frames/00020.jpg,62.69,263.95,568,320,0.205,310,379,255,375,121,383,175,376,
simulation/unzipped/00002/frames/00021.jpg,62.69,263.95,568,320,0.274,312,375,257,372,122,379,176,372,
simulation/unzipped/00002/frames/00022.jpg,62.69,263.95,568,320,0.361,313,376,257,373,121,380,175,374,
simulation/unzipped/00002/frames/00023.jpg,62.69,263.95,568,320,0.429,310,376,256,373,122,378,175,372,
simulation/unzipped/00002/frames/00024.jpg,186.49,253.61,568,320,0.214,313,382,258,378,126,379,179,376,
simulation/unzipped/00002/frames/00025.jpg,186.49,253.61,568,320,0.267,310,382,257,378,126,381,178,376,
simulation/unzipped/00002/frames/00026.jpg,186.49,253.61,568,320,0.328,314,376,259,373,123,380,177,374,
simulation/unzipped/00002/frames/00027.jpg,186.49,253.61,568,320,0.397,315,380,259,377,125,378,178,375,
simulation/unzipped/00002/frames/00028.jpg,186.49,253.61,568,320,0.452,314,376,258,373,124,380,177,374,
simulation/unzipped/00002/frames/00029.jpg,42.29,372.07,568,320,0.249,317,376,261,372,124,379,178,372,
simulation/unzipped/00002/frames/00030.jpg,42.29,372.07,568,320,0.313,319,379,262,377,125,381,179,377,
simulation/unzipped/00002/frames/00031.jpg,42.29,372.07,568,320,0.368,318,381,262,377,126,374,180,373,
simulation/unzipped/00005/frames/00000.jpg,220,162,568,320,0.282,368,398,301,406,141,419,203,415,
simulation/unzipped/00005/frames/00001.jpg,220,162,568,320,0.366,370,396,302,405,139,417,202,413,
simulation/unzipped/00005/frames/00002.jpg,220,162,568,320,0.449,367,394,299,403,138,418,201,413,
simulation/unzipped/00005/frames/00003.jpg,73.15,79.94,568,320,0.229,388,391,322,398,162,415,223,409,
simulation/unzipped/00005/frames/00004.jpg,73.15,79.94,568,320,0.312,386,392,318,400,159,418,220,411,
simulation/unzipped/00005/frames/00005.jpg,73.15,79.94,568,320,0.394,382,393,315,401,153,417,215,412,
simulation/unzipped/00005/frames/00006.jpg,279.68,214.15,568,320,0.215,373,388,303,397,135,416,199,409,
simulation/unzipped/00005/frames/00007.jpg,279.68,214.15,568,320,0.299,373,389,303,397,136,415,201,408,
simulation/unzipped/00005/frames/00008.jpg,279.68,214.15,568,320,0.355,370,388,301,397,136,416,200,408,
simulation/unzipped/00005/frames/00009.jpg,279.68,214.15,568,320,0.423,369,390,300,399,134,417,199,411,
simulation/unzipped/00005/frames/00010.jpg,274.22,350.32,568,320,0.218,395,409,334,414,182,438,238,427,
simulation/unzipped/00005/frames/00011.jpg,274.22,350.32,568,320,0.302,392,405,330,410,176,432,234,422,
simulation/unzipped/00005/frames/00012.jpg,274.22,350.32,568,320,0.36,388,403,326,408,169,431,227,421,
simulation/unzipped/00005/frames/00013.jpg,274.22,350.32,568,320,0.42,381,402,318,407,163,431,222,419,
simulation/unzipped/00005/frames/00014.jpg,280,40,568,320,0.215,336,397,270,403,112,428,173,417,
simulation/unzipped/00005/frames/00015.jpg,280,40,568,320,0.298,332,396,268,402,112,427,171,416,
simulation/unzipped/00005/frames/00016.jpg,280,40,568,320,0.381,330,394,266,401,110,425,169,415,
simulation/unzipped/00005/frames/00017.jpg,280,40,568,320,0.444,331,394,267,401,111,425,171,415,
simulation/unzipped/00002/frames/00000.jpg,160,284,568,320,0.206,310,364,253,363,114,373,169,365,
simulation/unzipped/00002/frames/00001.jpg,160,284,568,320,0.289,312,365,255,363,118,368,172,362,
simulation/unzipped/00002/frames/00002.jpg,160,284,568,320,0.372,310,365,254,363,117,369,171,364,
simulation/unzipped/00002/frames/00003.jpg,160,284,568,320,0.455,309,370,255,366,121,370,173,365,
simulation/unzipped/00002/frames/00004.jpg,279.66,64.97,568,320,0.231,312,375,254,372,117,376,172,371,
simulation/unzipped/00002/frames/00005.jpg,279.66,64.97,568,320,0.314,309,371,253,368,120,372,173,367,
simulation/unzipped/00002/frames/00006.jpg,279.66,64.97,568,320,0.397,310,375,254,371,120,375,174,370,
simulation/unzipped/00002/frames/00007.jpg,279.66,64.97,568,320,0.481,309,367,253,365,116,374,171,367,
simulation/unzipped/00002/frames/00008.jpg,280,528,568,320,0.256,308,374,252,371,117,377,170,372,
simulation/unzipped/00002/frames/00009.jpg,280,528,568,320,0.316,308,369,253,367,119,374,173,368,
simulation/unzipped/00002/frames/00010.jpg,280,528,568,320,0.369,311,373,254,369,118,377,171,370,
simulation/unzipped/00002/frames/00011.jpg,280,528,568,320,0.423,313,371,256,367,118,373,173,366,
simulation/unzipped/00002/frames/00012.jpg,255.13,480.46,568,320,0.208,312,365,256,363,119,373,174,366,
simulation/unzipped/00002/frames/00013.jpg,255.13,480.46,568,320,0.292,312,363,256,362,119,373,172,364,
simulation/unzipped/00002/frames/00014.jpg,255.13,480.46,568,320,0.374,309,372,253,369,120,376,174,369,
simulation/unzipped/00002/frames/00015.jpg,255.13,480.46,568,320,0.426,309,372,254,369,120,376,174,370,
simulation/unzipped/00002/frames/00016.jpg,186.09,272.07,568,320,0.241,310,379,253,376,115,384,170,376,
simulation/unzipped/00002/frames/00017.jpg,186.09,272.07,568,320,0.297,312,376,256,373,119,381,173,374,
simulation/unzipped/00002/frames/00018.jpg,186.09,272.07,568,320,0.351,309,378,254,374,119,380,173,373,
simulation/unzipped/00002/frames/00019.jpg,186.09,272.07,568,320,0.434,311,376,255,373,119,380,173,373,
simulation/unzipped/00002/frames/00020.jpg,62.69,263.95,568,320,0.205,310,379,255,375,121,383,175,376,
simulation/unzipped/00002/frames/00021.jpg,62.69,263.95,568,320,0.274,312,375,257,372,122,379,176,372,
simulation/unzipped/00002/frames/00022.jpg,62.69,263.95,568,320,0.361,313,376,257,373,121,380,175,374,
simulation/unzipped/00002/frames/00023.jpg,62.69,263.95,568,320,0.429,310,376,256,373,122,378,175,372,
simulation/unzipped/00002/frames/00024.jpg,186.49,253.61,568,320,0.214,313,382,258,378,126,379,179,376,
simulation/unzipped/00002/frames/00025.jpg,186.49,253.61,568,320,0.267,310,382,257,378,126,381,178,376,
simulation/unzipped/00002/frames/00026.jpg,186.49,253.61,568,320,0.328,314,376,259,373,123,380,177,374,
simulation/unzipped/00002/frames/00027.jpg,186.49,253.61,568,320,0.397,315,380,259,377,125,378,178,375,
simulation/unzipped/00002/frames/00028.jpg,186.49,253.61,568,320,0.452,314,376,258,373,124,380,177,374,
simulation/unzipped/00002/frames/00029.jpg,42.29,372.07,568,320,0.249,317,376,261,372,124,379,178,372,
simulation/unzipped/00002/frames/00030.jpg,42.29,372.07,568,320,0.313,319,379,262,377,125,381,179,377,
simulation/unzipped/00002/frames/00031.jpg,42.29,372.07,568,320,0.368,318,381,262,377,126,374,180,373,
simulation/unzipped/00005/frames/00000.jpg,220,162,568,320,0.282,368,398,301,406,141,419,203,415,
simulation/unzipped/00005/frames/00001.jpg,220,162,568,320,0.366,370,396,302,405,139,417,202,413,
simulation/unzipped/00005/frames/00002.jpg,220,162,568,320,0.449,367,394,299,403,138,418,201,413,
simulation/unzipped/00005/frames/00003.jpg,73.15,79.94,568,320,0.229,388,391,322,398,162,415,223,409,
simulation/unzipped/00005/frames/00004.jpg,73.15,79.94,568,320,0.312,386,392,318,400,159,418,220,411,
simulation/unzipped/00005/frames/00005.jpg,73.15,79.94,568,320,0.394,382,393,315,401,153,417,215,412,
simulation/unzipped/00005/frames/00006.jpg,279.68,214.15,568,320,0.215,373,388,303,397,135,416,199,409,
simulation/unzipped/00005/frames/00007.jpg,279.68,214.15,568,320,0.299,373,389,303,397,136,415,201,408,
simulation/unzipped/00005/frames/00008.jpg,279.68,214.15,568,320,0.355,370,388,301,397,136,416,200,408,
simulation/unzipped/00005/frames/00009.jpg,279.68,214.15,568,320,0.423,369,390,300,399,134,417,199,411,
simulation/unzipped/00005/frames/00010.jpg,274.22,350.32,568,320,0.218,395,409,334,414,182,438,238,427,
simulation/unzipped/00005/frames/00011.jpg,274.22,350.32,568,320,0.302,392,405,330,410,176,432,234,422,
simulation/unzipped/00005/frames/00012.jpg,274.22,350.32,568,320,0.36,388,403,326,408,169,431,227,421,
simulation/unzipped/00005/frames/00013.jpg,274.22,350.32,568,320,0.42,381,402,318,407,163,431,222,419,
simulation/unzipped/00005/frames/00014.jpg,280,40,568,320,0.215,336,397,270,403,112,428,173,417,
simulation/unzipped/00005/frames/00015.jpg,280,40,568,320,0.298,332,396,268,402,112,427,171,416,
simulation/unzipped/00005/frames/00016.jpg,280,40,568,320,0.381,330,394,266,401,110,425,169,415,
simulation/unzipped/00005/frames/00017.jpg,280,40,568,320,0.444,331,394,267,401,111,425,171,415,
